#<Time>=0.0759973s/900
#<PlanCost>=single integer value
#<State>=Atom door-open();Atom elevator-at(f1);Atom elevator-at(f2);Atom elevator-at(f3);Atom passenger-at(p2, f1);Atom passenger-at(p2, f2);Atom passenger-at(p2, f3);Atom passenger-in-elevator(p2);Atom passenger-at(p1, f1);Atom passenger-at(p1, f2);Atom passenger-at(p1, f3);Atom passenger-in-elevator(p1);
0;110010000010
1;110000010010
1;100110000001
2;000110000001
0;100110000010
2;010000010010
0;110010000010
0;000110000010
0;010010000010
3;001000010010
3;001010000001
4;101000010010
4;000100010010
0;001010000010
4;101010000001
4;010010000001
5;100100010010
5;101001000010
5;101010000100
5;110010000001
0;101010000010
6;100100010001
6;100100100010
6;001010000100
6;001001000010
6;110010001000
6;110000010001
7;010010001000
7;110000011000
7;010000010001
7;100100100001
7;000100010001
7;010010000100
7;000110000100
7;000100100010
7;010001000010
7;000101000010
8;001000010001
8;001010001000
8;000100100001
8;100110000100
8;010000011000
8;110010000100
8;001000100010
8;100101000010
8;110001000010
9;001000100001
9;100101000001
9;000110001000
9;101010001000
9;110000010100
9;001000011000
9;010000100010
9;101000100010
9;101000010001
10;000101000001
10;101000011000
10;000100011000
10;101000100001
10;010000100001
10;101000010100
10;101001000001
10;100110001000
10;110000100010
10;010000010100
11;001001000001
11;110000100001
11;001000010100
11;101001000100
11;101000100100
11;101001001000
11;100100011000
12;001001000100
12;110000101000
12;001000100100
12;001001001000
12;000100010100
12;010001000001
12;100100101000
13;000100101000
13;010001000100
13;000101000100
13;110001000001
13;010000101000
13;000101001000
13;010001001000
13;010000100100
13;000100100100
13;100100010100
14;100101001000
14;100100100100
14;110001001000
13;110001000100
14;110000100100
14;001000101000
14;100101000100
15;101000101000
10;101000010100
13;010000101000
2;000110000001
4;101000010010
13;110001000100
13;000101000100
6;001001000010
0;110010000010
9;101010001000
8;001010001000
10;100110001000
2;010000010010
0;100110000010
11;001000010100
1;110000010010
8;000100100001
8;100101000010
0;010010000010
12;110000101000
0;101010000010
9;001000100001
6;100100010001
10;110000100010
11;100100011000
