#<Time>=0.0961246s/900
#<PlanCost>=single integer value
#<State>=Atom holding(b);Atom on(b, a);Atom on(b, c);Atom on(b, d);Atom ontable(b);Atom holding(d);Atom on(d, a);Atom on(d, b);Atom on(d, c);Atom ontable(d);Atom clear(b);Atom clear(d);Atom clear(a);Atom clear(c);Atom arm-empty();Atom holding(a);Atom on(a, b);Atom on(a, c);Atom on(a, d);Atom ontable(a);Atom holding(c);Atom on(c, a);Atom on(c, b);Atom on(c, d);Atom ontable(c);
0;0000101000000000100000010
1;0000100001100101000000010
1;0100000001010000100010000
2;0000100010101010000100010
2;0000100001101010010000010
0;0010000001001010100000010
2;0000100001010110100001000
2;0000100001011110100000001
0;0000100001001110100000010
1;0000100001011000100010000
3;1000000001001000010000010
1;0000100001100101000000010
3;0000110000000100100001000
3;0000100001110101000000001
3;0000110000001100100000001
3;0000110000001100100000001
3;1000000001001100000100010
3;0000100001111000000110000
3;1000000001001000000100010
2;0000100010101010000100010
4;0010000001101010000100010
4;0100000001100110000100010
4;0000101000010110100000001
2;0000100001011110100000001
4;0000100010011010100000001
4;0000100001111110000100001
4;0000100001111010010000001
2;0000100001011110100000001
4;0000100001101110001000001
2;0000100001010110100001000
4;0000100010010010100001000
2;0000100001101110000100010
4;0000100001110110000101000
4;0000100001011110000100100
0;0000100001001110100000010
2;0000100001011110100000001
4;0000100010011010100000001
2;0000100001101010010000010
4;0100000001100010010000010
4;0100000001100110000100010
2;0000100001101110000100010
5;0000100010110001000000001
5;0100000001110000000110000
1;0000100001011000100010000
3;0000100001110101000000001
1;0000100001100101000000010
3;0000100001111000000110000
5;1000000001011100000100001
5;0000110000101100000100001
5;0000110000001100000100100
5;0000100001010101000000100
5;1000000001010100000101000
5;0000110000100100000101000
5;0000101000010000100010000
5;0000100010100001000000010
5;0010000001100001000000010
1;0000100001011000100010000
5;1000000001011000010000001
5;0000110000101000010000001
5;0000100001101000001010000
5;1000000001001100001000001
4;0000100001111010010000001
6;0100000001110010010000001
6;0001000001101010010000001
0;0010000001001010100000010
6;0010000001110010000101000
4;0000100001110110000101000
6;0001000001100110000101000
6;0000100001011010010000100
6;0000100001001110001000100
6;0000100010111010000100001
6;0000100010101010001000001
6;0000100100011010010000001
6;0000101000110010010000001
4;0000100001111010010000001
6;0001000001101110000100001
6;0100000001110110000100001
6;0010000001111010000100001
4;0000100001111110000100001
4;0000100001111110000100001
6;0000100100011110000100001
6;0000101000110110000100001
0;0000101000000110100000010
4;0000100001101110001000001
0;0100000001000110100000010
6;0000100010110010000101000
4;0000100001110110000101000
6;0000100100010110000101000
4;0000100001011110000100100
6;0100000001010110000100100
6;0000100001100110001001000
0;0000100001001010100000010
0;0000100001001110100000010
4;0000100001101110001000001
6;0100000001100110001000001
6;0010000001101010001000001
6;0000101000010110000100100
4;0000100001011110000100100
6;0000100010011010000100100
0;0000100001001110100000010
7;0100010000100100000100001
5;1000000001011000010000001
3;0000100001110101000000001
5;0000100001101000001010000
7;0001000001101000000110000
7;0100000001100000001010000
7;0010010000100000000101000
1;0000100001100101000000010
5;0000110000001100000100100
5;0000100001010101000000100
5;0000100001010101000000100
3;0000100001111000000110000
7;0000100100010101000000001
7;0010000001110001000000001
7;0010010000101000000100001
5;0000110000101000010000001
7;0000101000110000000110000
7;1000001000010000010000001
7;0100010000100000010000001
7;0000100010010001000000100
1;0000100001011000100010000
7;1000000010011000000100001
7;0001000001100101000000001
7;0000110000001000010000100
5;0000110000100100000101000
5;1000000001010100000101000
7;0100010000000100000100100
7;1000000010010000000101000
5;1000000001001100001000001
5;0000100001101000001010000
7;1000001000010100000100001
7;0000100100011000000110000
7;1000000010001000001000001
7;1000000001000100001001000
5;0000110000101100000100001
5;1000000001011100000100001
8;0001000010100010000101000
6;0000100010110010000101000
6;0000100001100110001001000
6;0000100001001110001000100
6;0000100010111010000100001
8;0100000010110010000100001
8;0001000010101010000100001
8;0000100010001010001000100
6;0000100001011010010000100
6;0010000001101010001000001
4;0000100001101110001000001
6;0100000001100110001000001
2;0000100001011110100000001
2;0000100001010110100001000
8;0010000001100010001001000
6;0000100001100110001001000
8;0000100100001110001000001
8;0001000001001110100000001
6;0100000001110110000100001
4;0000100001111110000100001
6;0010000001111010000100001
6;0001000001101110000100001
8;0000101000010010010000100
8;0010000100011010000100001
8;0010001000110010000100001
8;0001001000100110000100001
6;0000101000110110000100001
8;0001001000100010010000001
6;0000101000110010010000001
8;0001000001001110000100100
6;0001000001101010010000001
4;0000100001111010010000001
6;0100000001110010010000001
6;0000100010101010001000001
8;0100000010100010001000001
8;0100000100010110000100001
6;0000100100011110000100001
8;0010000001011010100000001
2;0000100001101010010000010
2;0000100001101110000100010
4;0000100001110110000101000
6;0000100100010110000101000
8;0100000100010010010000001
8;0000101000100110000100010
6;0000100100011010010000001
8;0000100100001110000100010
6;0000100001001110001000100
8;0100000001000110001000100
6;0000100010011010000100100
6;0000101000010110000100100
4;0000100001011110000100100
6;0000100001011010010000100
8;0100000010010010000100100
6;0100000001010110000100100
6;0001000001100110000101000
6;0010000001110010000101000
8;0010000100010010000101000
3;0000100001110101000000001
5;0000100010110001000000001
9;0010000100010001000000001
9;0000100100000101000000010
3;0000100001111000000110000
7;0100000001100000001010000
8;0001000001000101000000100
7;0010000001110001000000001
7;0000110000001000010000100
9;0001000010100001000000001
5;0100000001110000000110000
9;0001000001001000100010000
8;0010010000001000100000001
3;1000000001001000010000010
7;1000000001000100001001000
7;0001000001101000000110000
7;0000100100010101000000001
7;0000100100011000000110000
3;1000000001001100000100010
7;0001000001100101000000001
7;0000101000110000000110000
7;0000100010010001000000100
8;1000001000000100000100010
9;0001001000100000000110000
3;0000110000001100100000001
9;0000100100001000001010000
5;0000100001010101000000100
9;0100000100010000000110000
5;0000100001101000001010000
3;0000110000000100100001000
8;0010000001011010100000001
4;0100000001100010010000010
2;0000100001101010010000010
6;0000100001011010010000100
6;0000100001001110001000100
10;0010000100001010001000001
10;0010001000010010100000001
2;0000100001101110000100010
4;0000100010011010100000001
10;0001000010001010100000001
8;0000100100001110000100010
8;0000101000100110000100010
10;0010001000100010000100010
4;0100000001100110000100010
2;0000100001011110100000001
10;0000100100001010010000010
8;0000100010001010001000100
8;0000101000010010010000100
8;0100000001000110001000100
4;0000101000010110100000001
6;0000100001100110001001000
8;0010000001100010001001000
10;0001001000000110000100100
10;0001000001001010010000100
8;0000100100001110001000001
10;0000100100000110001001000
8;0001000001001110000100100
10;0100000100000110000100010
8;0001000001001110100000001
4;0000100010010010100001000
2;0000100001010110100001000
4;0010000001101010000100010
10;0001000001000110100001000
9;0000100100001000001010000
9;0000100100000101000000010
9;0001000001001000100010000
5;0010000001100001000000010
5;0000101000010000100010000
1;0000100001100101000000010
1;0000100001011000100010000
8;0001000001000101000000100
10;0000100100000110001001000
0;0010000001001010100000010
10;0001000001000110100001000
0;0000101000000110100000010
0;0000100001001110100000010
10;0001000001001010010000100
10;0000100100001010010000010
2;0000100001011110100000001
8;0001000001000101000000100
8;0000101000000010010000010
8;1000000001000000000101000
5;0000110000101000010000001
0;0100000001000110100000010
8;1000000001000000010000001
8;0010000001000001000000100
8;0010001000110000000100001
8;0000101000000010100000010
8;1000000010010000000100001
8;1000001000000100000100010
8;0001000001000100100001000
8;0010001000000000000100001
8;0000101000000000100000001
1;0000100001011000100010000
8;0000110000000100000100100
8;0100000001010110100000001
8;0000100010100010000101000
8;0100000100010100000100001
8;0000100100001000001000001
8;0100000001010100100000001
8;0010000100000010001001000
8;1000000001001000010000001
8;0100000010100000000100010
8;0000100100011000010000001
8;0000101000000000001000100
8;0000101000100110000100001
8;0000110000000100000100100
8;0001000010000010000100100
8;0100000010010010000100001
8;0000100100001010000100010
8;0000100100011000010000001
8;0000100001010100000100100
8;0000101000000010010000010
8;0001000001101000010000001
6;0001000001100110000101000
8;0100010000100000000100001
8;0001001000100010010000001
8;0001000001000001000000001
8;0000100100001100000100001
8;0000100001000110100001000
8;0000100100001110000100010
7;0000101000110000000110000
8;0000100010011000000100100
8;0010010000001000100000001
8;0000101000010100000100100
5;0000110000001100000100100
8;0010000001100010001001000
6;0000100001100110001001000
8;0010000001010001000000100
8;0000110000000100000100100
8;1000000001000100000101000
8;0100000001010000000110000
8;0010000001001010100000001
8;0001000010100010000100001
8;0001000001000010010000001
8;0000110000000000000101000
8;0000110000001000010000001
8;0000100001000000000101000
8;0100000010100010001000001
8;0010000001001010000100010
8;0010000001100010001001000
8;0000100010000010001000001
8;0100000001000000001000100
8;0000101000010000100000001
8;0010001000100000001000001
