#<Time>=0.304636s/900
#<PlanCost>=single integer value
#<State>=Atom at-airplane(plane2, bangkok);Atom at-airplane(plane2, delhi);Atom at-airplane(plane2, dubai);Atom at-airplane(plane2, mumbai);Atom at-airplane(plane2, singapore);Atom at-airplane(plane1, bangkok);Atom at-airplane(plane1, delhi);Atom at-airplane(plane1, dubai);Atom at-airplane(plane1, mumbai);Atom at-airplane(plane1, singapore);Atom at-person(helen, bangkok);Atom at-person(helen, delhi);Atom at-person(helen, dubai);Atom at-person(helen, mumbai);Atom at-person(helen, singapore);Atom in-airplane(helen, plane1);Atom in-airplane(helen, plane2);Atom at-person(george, bangkok);Atom at-person(george, delhi);Atom at-person(george, dubai);Atom at-person(george, mumbai);Atom at-person(george, singapore);Atom in-airplane(george, plane1);Atom in-airplane(george, plane2);
0;001000100000100001000000
1;100000100000100000000001
1;100001000000100000000010
1;100000010000000101000000
1;001000000100000011000000
2;001000000100100000000010
2;100000100000100000000010
2;001001000000000010000010
2;001000001000100000000010
0;010001000000100001000000
2;010000010000100000000010
0;100001000000100001000000
2;100000010000000100000001
2;000010000100100000000001
2;001000010000100000000001
2;010000100000100000000001
2;000100001000100000000001
2;000100001000000011000000
2;000010010000000011000000
2;100000000100000011000000
2;010000001000000011000000
0;001001000000100001000000
2;100000000100000101000000
2;010001000000000101000000
2;000100001000000101000000
0;001000010000100001000000
2;001000100000000101000000
3;010000010000000100000001
3;010000010000100000100000
3;100000100000000100000001
3;001000100001000001000000
3;100000001000000010000001
3;100001000000000010000010
3;100000010010000001000000
0;010000000100100001000000
1;100001000000100000000010
0;000100000100100001000000
0;000011000000100001000000
1;100000010000000101000000
3;000100010000000100000001
3;000100001000100000001000
3;010000010000100000010000
3;001000010000000010000010
3;000010010000000100000010
3;100000010000100000000001
3;000010010000000100000001
3;100000001000000100000001
3;100000000100000100000001
3;100001000000000100000001
3;001000010000000100000001
1;001001000000000011000000
0;100000100000100001000000
1;100001000000100000000001
0;000010001000100001000000
0;000010000100100001000000
1;001000010000000011000000
3;100000001000010001000000
3;010001000000000010000010
3;010000000101000001000000
3;000011000000000010000010
3;000010010000001001000000
3;001000001000000010000010
3;010000001000100000001000
3;100000100000100000100000
3;001000100000000010000010
1;001001000000100000000010
1;001000010000000101000000
3;000011000010000001000000
3;010001000000000100000010
3;000101000000000010000010
3;000100100000010001000000
3;000010100000100000000100
3;001000000100000010000010
3;010000000100001001000000
3;001001000000100000010000
3;001001000000000010000001
3;001000000100100000000100
4;100001000010000000000010
4;010001000010000001000000
4;100001000000000101000000
4;100000100010000000000001
4;001000100010000001000000
4;000100100010000001000000
4;000010010010000001000000
2;001000001000000011000000
0;001001000000100001000000
2;000011000000000011000000
2;001000100000000011000000
1;001000000100000011000000
2;000101000000000011000000
2;100001000000000011000000
2;010001000000000011000000
2;000100010000000101000000
2;100000000100000101000000
2;100000001000000101000000
2;000010010000000101000000
2;100000100000000101000000
0;100000010000100001000000
2;010000010000000101000000
4;010000010000000100100000
4;010000100000100000000010
4;000100001000100000100000
4;100000000100100000100000
4;001000100000100000100000
4;000010010000100000100000
4;000010000100000010000010
4;010000000100000010000010
4;000100000100000010000010
4;001000000100000010000100
4;100000000100000010000010
2;001000000100100000000010
1;000011000000100000000010
4;000100001000000010000001
4;001000100000000010010000
4;010000010000000010000001
4;000010000100000010000001
4;000100000100000100000010
4;100000100000000100000010
4;000010001000000100000010
4;010000010000000100010000
4;000010010000010001000000
4;100000000100010001000000
4;000011000000010001000000
4;100000001000010000000001
2;000100001000000011000000
4;001000100000010001000000
4;000100001000000100000001
4;000100100000000100000001
4;000101000000000100000001
4;000100010000100000000001
4;000100000100000100000001
4;000100010000000100001000
1;100000001000100000000001
4;010000100000000011000000
4;000100000101000001000000
4;000100001001000001000000
4;100000100001000000000001
4;000010010001000001000000
4;001001000001000001000000
4;000010010000100000000001
4;000011000000000100000001
4;000010000100000100000001
4;000010100000000100000001
4;000010001000000100000001
4;000010010000000100000100
1;010001000000100000000010
4;000010001000100000001000
4;010000000100100000001000
4;001000000100100000001000
4;100000100000100000001000
4;000100001000100000000010
4;010001000001000000000010
4;001001000001000001000000
4;000010000101000001000000
4;100000100001000001000000
4;000100100001000001000000
4;010000100000000101000000
4;000100010000000010000010
4;000101000000010000000010
4;000100100000000010000010
4;000100001000000010000010
4;001000001000000100000001
4;010000001000000100000001
1;000101000000100000000010
2;000100001000100000000001
4;100001000000100000001000
4;000010100000100000001000
4;000100010000100000001000
4;001000001000000010001000
4;000010000100100000001000
4;010000010000000010000010
4;010000100000000010000010
4;010000001000000010000010
3;100000000100001001000000
4;000100000100001001000000
4;000011000000001000000010
4;010000100000001001000000
4;000010000100000101000000
4;001000100000001001000000
2;000100010000000011000000
2;010000010000000011000000
2;000010010000000011000000
2;100000010000000011000000
0;001000010000100001000000
4;000101000010000000000010
4;001000010000100000000010
4;001000010000000010010000
4;100000010000000010000010
4;000010010000000010000010
0;100001000000100001000000
2;100000010000100000000010
2;100000100000100000000010
2;100000000100100000000010
2;100000001000100000000010
4;000010100000000010000010
4;001000100000000010100000
4;100000100000000010000010
4;001000100000100000000010
4;001000010000000100010000
4;000100010000100000010000
4;010000001000100000010000
4;100000000100100000010000
4;000010001000100000010000
2;001000001000000101000000
2;001000000100000101000000
2;001000100000000101000000
2;001001000000000101000000
4;100000100000100000000100
4;001000100000100000000100
4;000100001000100000000100
4;000010000100100000000010
4;010000100000100000000100
4;001000100000100000000100
2;000010000100100000000001
4;010000001000100000000100
4;100001000000100000000100
4;001000010000100000000100
4;000010001000100000010000
4;010000100000100000010000
4;000010000100100000010000
2;001000010000100000000001
3;001001000000100000010000
4;100000000100001000000001
4;001000000100000100000001
4;010000000100000100000001
1;100000100000100000000001
4;100000000100100000000001
4;010000010000100000000001
4;100001000000001001000000
4;100000100000001001000000
4;000010001000001001000000
4;000010000100000011000000
4;001000010000001001000000
4;010000100000000100000001
4;010001000000000100000001
4;001001000000000100000001
4;001000100000000100000001
2;010000100000100000000001
4;000010000100100000100000
3;010000010000100000100000
4;000010001000100000100000
4;000101000000100000100000
4;100001000010000000000001
4;000010100010000001000000
4;010000001010000001000000
4;100000000110000001000000
4;001000010010000001000000
4;000010001000000010000010
2;001000001000100000000010
4;100000001000000010000010
2;001001000000100000000001
2;010001000000100000000001
2;000011000000100000000001
2;000101000000100000000001
3;001000001000010001000000
2;000100001000000101000000
3;100000001000010001000000
4;000010000100010001000000
4;010000100000010001000000
5;100000001010000000000001
5;100000001000000011000000
3;010000001000000101000000
3;001000001000010001000000
3;000010001000000101000000
5;000101000010000000000001
5;100001000010000001000000
5;000011000010000000000001
5;100000010010000000000001
5;010001000010000000000001
5;001001000010000000000001
4;100000100010000000000001
5;100000000110000000000001
5;100001000000000010000001
5;010000010000000010100000
5;010000010001000000000001
5;100000010000001000000001
5;000101000001000000000010
5;000100100000000101000000
5;100000010010000000000010
5;000100100010000000000010
5;000010000110000000000010
5;000010001010000000000010
5;001000010000000100000100
5;001000010000000010000100
5;010000010000000100000100
5;010000000100100000000010
3;000100010000010001000000
3;000100000100000011000000
3;000100100000000011000000
2;010001000000000101000000
5;000010100000000101000000
5;010000000100000101000000
5;010000100001000001000000
5;000010001000000100010000
5;000010100000000100010000
5;000100000100000100010000
5;100001000000000100010000
5;000010100000000010100000
5;000010100000001000000010
5;100000100000000011000000
5;000011000000010000000010
5;001000100000000100010000
5;001000000100000100010000
5;100000010000000100010000
5;001000010000000100000010
5;001000001000000100010000
5;000100010000000100010000
4;010000010000000100010000
5;000010010000000100010000
5;001000010000100000010000
5;001001000000000100010000
5;001001000000001000000010
5;001000001000010000000001
2;010000001000000011000000
0;001000001000100001000000
3;000010001000000011000000
5;010001000000000100100000
5;001001000000000010010000
3;010000010001000001000000
3;010000000100000011000000
5;000100010000010000000010
5;000100000100010000000010
5;000100001000010000000010
5;010001000000010000000010
5;100001000000010000000010
5;000100100000010000000010
5;000101000000010001000000
5;001001000000010000000010
5;100000100000001000000001
5;000010100000000011000000
5;000100000100000101000000
5;000010000100001001000000
5;000011000000000101000000
5;000010010000100000000010
5;000100000100100000000010
5;000010100000100000000010
5;000010000100100000000100
5;000010001000100000000010
5;001000010000000100001000
5;001000100000000010001000
5;000100100000100000000001
5;001000100000000010001000
5;000011000000000100000100
5;001000001000000010100000
5;010000001000100000000001
5;000100000100100000000001
3;000100001000100000001000
5;000010001000100000000001
5;001000001000100000000001
5;010000000100100000000001
5;001000000100000010100000
3;010000001000100000000010
3;100000001000100000001000
3;001000100001000001000000
5;100000010000000100100000
5;001000010000000010100000
5;000100010000100000000010
3;001000000100100000000100
2;010000010000100000000010
0;010001000000100001000000
5;001000100000100000000001
5;010000100000100000100000
5;000010100000100000000001
5;100001000000001000000010
5;000011000000001001000000
5;000101000000001000000010
5;000010010000001000000010
5;000010000100001000000010
5;000010001000001000000010
5;010001000000001000000010
5;000010000100001000000001
5;000010000100000100000100
5;000010010000000010010000
5;000101000000000101000000
5;100001000000000100000010
5;000010100001000000000001
5;100000001001000000000001
5;100001000001000000000001
4;100000100001000001000000
5;000100100001000000000001
5;001000100001000000000001
5;100000010001000000000001
5;010000100001000000000001
5;100000000101000000000001
5;100000010000000100001000
5;001001000000000010000100
3;100000010000000100000010
3;100000010000100000010000
5;000100001000010001000000
5;010000001000000100100000
5;010000001000010000000001
5;000100001000010000000010
5;001000001000000100001000
5;001000010000000010000001
5;001000000100100000000001
5;001001000001000000000010
5;010001000000010000000010
5;100001000000010000000001
5;100000010000010000000001
0;000010010000100001000000
0;100000001000100001000000
0;010000010000100001000000
0;000100010000100001000000
0;100000000100100001000000
0;100000100000100001000000
5;001000001000000010000100
5;100000000100000010000100
5;000010000100000010000100
5;000100000100000010000100
5;010000000100000010000100
5;001000100000000010000100
5;000100010000000100000100
5;100000100000010000000001
4;000100010000100000001000
2;100000000100000011000000
5;000101000000001000000010
5;100001000000001000000001
0;001000100000100001000000
5;000011000001000000000010
5;000100100000000100001000
5;010000100000000100100000
5;010000100001000000000010
5;001001000000000010001000
5;000100100000100000000010
4;001000100000100000100000
5;000100001000010000000001
5;000100001000000100001000
5;100001000001000000000010
5;100000001001000000000001
5;000100010000000010010000
5;100000010000000100000100
5;001001000000000010100000
5;001000001000000010010000
0;000011000000100001000000
5;100001000000010000000001
5;000010010000100000000100
0;001000000100100001000000
5;001000000100000010001000
3;001001000000000010000001
3;001001000000100000010000
3;100000010010000001000000
3;100000010000000010000001
5;000010100000000100000100
5;010000010000000100001000
5;000100000100000100001000
5;000101000000000100001000
5;000010010000000100001000
5;010000000101000000000010
5;010001000010000000000010
5;001000010000000010001000
5;010000010000000100001000
5;100000010000000010010000
5;100000010010000000000010
5;000010100000001000000001
5;000010000100000010000100
5;100000000110000000000010
5;010000100001000000000010
5;010000001001000000000010
5;010001000001000001000000
5;010000010001000000000010
5;001000010000000100000100
5;000010001000000100000100
5;000010010000000100100000
3;010000010000100000100000
5;100000010000000100100000
5;001000010000000100100000
5;010000000100000100100000
5;000100010000000100100000
5;010000100000000100100000
5;000100001000000010001000
5;100000001010000000000010
5;001001000010000000000010
5;100000100010000000000010
4;000101000010000000000010
5;000011000010000000000010
5;010000100000000010100000
5;100000100000000010100000
3;000011000000100000000100
5;000100100000000010100000
5;000010001000000010001000
5;001000001000100000001000
5;010000001000000010001000
5;100000001000000010001000
5;000010001000010000000001
5;100000001000001000000001
3;000101000000100000001000
3;100000001000010001000000
5;001000000100000010010000
3;010001000000100000100000
3;000010010000001001000000
5;100000000100010000000001
5;000100000100001000000001
0;000101000000100001000000
5;000100000100000010001000
5;000100100000010000000001
4;001000100000000010010000
5;010000010000000010010000
5;000101000001000000000010
3;100000000100001001000000
5;001000000100001000000001
5;100000010000000010010000
5;010000100000000010010000
5;000100000100000010010000
5;000010000100000010010000
3;100000100000100000100000
5;001000001010000000000001
5;010000010010000000000001
5;000011000010000000000001
5;000100001010000000000001
5;001000100000000010000100
3;001000000100001001000000
5;100000000100001000000010
5;000010000100000100000100
5;010000000100001000000001
3;100000000100100000000100
5;100001000000001000000001
3;001001000010000001000000
3;001001000000000100000010
5;001000010000000010100000
4;000100100001000001000000
6;000101000000000010010000
6;000011000000000010010000
6;010001000000000010010000
6;100001000000000010010000
6;010000100010000000100000
6;100001000000010001000000
3;000100100000010001000000
6;001001000000010001000000
6;000100000100010001000000
4;000011000000010001000000
6;010001000000010001000000
4;000100000100001001000000
6;000010100000001001000000
3;010000000100001001000000
4;000010001000001001000000
6;010000010000000010000100
6;000010100000001000000100
6;000101000000000010000100
5;100000000100000010000100
6;001000100000010000000010
6;001000001000010000000010
6;001000000100010000000010
6;001000010000010000000010
6;001000000110000000010000
6;100000010000010000000010
5;000100000100010000000010
6;100000100000010000000010
6;000100010001000000000001
6;000100100001000000001000
6;000101000001000000000001
6;000100000101000000000001
6;000100001001000000000001
6;000100010000001000000001
6;001000010000001000000001
6;000010010000001000000001
6;100000010000001001000000
6;010000010000001000000001
0;000010000100100001000000
0;000010100000100001000000
0;000010001000100001000000
6;100000001000010000010000
6;000010000101000000000010
6;000011000001000001000000
6;000010100001000000000010
6;000010010001000000000010
6;000010001001000000000010
6;010000000100100000100000
6;010000010000001000000001
6;001000100000001000000001
5;000100000100001000000001
4;010001000000100000001000
4;000100000100100000001000
4;001001000000100000001000
4;100001000000100000001000
4;000011000000100000001000
4;000100100000100000001000
6;010001000001000000000001
6;010000100001000000100000
6;010000001001000000000001
5;010000010001000000000001
6;010000000101000000000001
6;010000100000000010000001
6;100000010000010001000000
6;000010010000010000000001
6;000100010000010000000001
6;001000010000010000000001
6;010000010000010000000001
6;000100100000001000000010
6;001000100000001000000010
6;010000100000001000000010
6;000010100000001000100000
6;100000100000001000000010
6;001000000101000000000001
6;001000100001000000010000
6;001001000001000000000001
6;001000010001000000000001
6;001000001001000000000001
3;010000010000100000010000
3;010000010000000100000010
6;000100010000100000100000
6;100000010000100000100000
4;000010010000100000100000
6;010000001000100000100000
6;001000010000100000100000
6;000010100001000000010000
5;100001000000000100010000
6;100000001000000100010000
6;100000000100000100010000
6;100000100000000100010000
0;000100001000100001000000
0;010000001000100001000000
6;000100100000010000100000
6;100000100000010000000010
6;010000100000010000000010
6;000010100000010000000010
4;001000010001000001000000
4;000010010001000001000000
4;100000010001000001000000
4;000100010001000001000000
4;010000001001000001000000
3;010000000101000001000000
6;000010000110000000000100
0;010000000100100001000000
0;010000100000100001000000
6;001000001000000100100000
6;000011000000000100100000
6;000100000100000100100000
6;100000001010000000010000
4;000101000010000001000000
4;010001000010000001000000
4;001000100010000001000000
3;000011000010000001000000
4;001000001010000001000000
4;001000000110000001000000
4;001000010010000001000000
4;001000010000100000000100
6;001000001000100000000100
6;000100000100100000000100
4;001000100000100000000100
6;001001000000100000000100
6;010000000100100000000100
6;000101000000001001000000
6;000100010000001000000010
6;000100000100001000000010
6;000100001000001000000010
6;100000100000000010000001
6;100000100010000001000000
6;001000100000010000000001
6;001000001000010000010000
6;001001000000010000000001
6;001000000100010000000001
4;000100100000100000100000
4;100000000100100000100000
4;000010100000100000100000
4;100000001000100000100000
4;100001000000100000100000
6;010000100010000000100000
6;000010000100000010001000
6;000011000000000010001000
6;000010100000000010001000
6;000010001000001000001000
6;000010010000000010001000
6;001001000000001001000000
6;010001000000001001000000
4;100001000000001001000000
6;000100010000000010100000
6;000100001000000010100000
6;000101000000000010100000
6;000100000100000010100000
6;100000001010000001000000
3;100000001000000010000001
6;000010001010000000000001
5;000100001010000000000001
5;001000001010000000000001
6;010000001010000000000001
6;100000010000100000000100
6;100000100000000100000100
6;100001000000000100000100
6;100000000100000100000100
6;100000001000000100000100
6;100000000101000001000000
6;100000001001000001000000
6;100001000001000001000000
6;000010100001000001000000
4;100000000110000001000000
4;100000001000001001000000
4;100000100000001001000000
4;001000010000001001000000
4;010000010000001001000000
4;000100010000001001000000
6;000010001001000000000001
6;000010100010000000000001
6;000010000110000000000001
6;000010010010000000000001
6;000011000010000000000100
6;001000001000010000001000
5;000100100000000100001000
6;001000000100000100001000
6;100001000000000100001000
6;001000001000000010000001
6;001000001000100000010000
4;100000001000000100000010
3;000010010000000100000010
4;000100010000000100000010
4;100000000100000100000010
4;100000100000000100000010
6;000010000100000100100000
6;000010100000000100100000
6;000010001000000100100000
6;000011000000000100100000
6;100000001000000010000100
6;100000010000000010000100
6;100000100000000010000100
6;100001000000000010000100
6;100000000110000000000100
6;001001000000000100000100
6;000101000000000100000100
6;010001000000000100000100
6;000100010000010000010000
6;000100100000000010010000
5;000100000100000010010000
6;000100001000000010010000
5;100000100000000010100000
5;000010100000000010100000
6;000101000000000010100000
6;010000010001000000100000
6;000100100000000010001000
6;001000100000100000001000
6;010000100000000010001000
6;100000100000000010001000
4;100000010000100000001000
4;000010001000100000001000
4;100000100000100000001000
3;010000001000100000001000
4;100000000100100000001000
6;001000000110000000000010
5;000010000110000000000010
6;010000000110000000000010
6;000100000110000000000010
5;000010100000001000000010
6;000100010000001000000010
6;100000001000001000000010
5;000010001000000100000100
6;100000100000000100000100
6;100001000000000100000100
6;000100001000010000001000
6;000101000000000010001000
5;000100000100000010001000
4;000100001000000010000001
6;000100010000000010001000
5;000010000100000010010000
6;000010010000001000010000
6;000010001000000010010000
6;000010100000000010010000
4;000101000000100000100000
4;000011000000100000100000
4;001001000000100000100000
6;000011000000010000000001
6;010001000000010000000001
6;000101000000010000000001
6;001001000000001000000001
6;010001000000001000000001
6;000101000000001000000001
6;000011000000001000000001
6;001000000110000000000001
6;100000000100000010000001
6;000100000110000000000001
6;010000000110000000000001
6;001000100000010000000001
6;000100000100010000001000
6;000010000100010000000001
5;010000001000010000000001
0;000100100000100001000000
0;000100000100100001000000
6;100000100000000100100000
6;100000001000000100100000
6;100001000000000100100000
6;100000000100000100100000
6;010000001000010001000000
6;000010001000010001000000
6;100000000100010000000010
6;100000010000010000000010
6;100000001000010000000010
6;000010000101000000000001
5;000100100010000000000010
6;000100010010000000000010
6;000101000000000100000010
6;000100001010000000000010
6;001000100000000100001000
6;000010100000000100001000
6;100000100000000100001000
6;010000100000000100001000
5;100000000100001000000010
6;100000001000001000000010
6;100000010000001000000010
6;001000001000000100100000
6;000100001000000100100000
6;010000001000010000100000
6;001000001000000100000100
6;000010001000010000000100
6;010000001000000100000100
6;000100001000000100000100
6;000100000100000100000100
6;000010000100000100000010
6;000010000100001000000100
6;001000000100000100000100
6;010000000100000100000100
5;000010001010000000000010
6;000010010010000000000010
6;000011000000000100000010
6;000010100010000000000010
6;000010100000010000000001
5;000100100000010000000001
6;100000100000010001000000
6;010000100000010000000001
6;010000010010000000000010
6;010000001010000000000010
3;010001000000000100000010
6;010000100010000000000010
3;000010100000100000000100
6;010000010000100000000100
6;000010001000100000000100
6;000100010000100000000100
6;000101000000000100010000
6;000100001000000100010000
4;000100010000100000010000
5;000100000100000100010000
6;000100100000000100010000
6;010000000100000100010000
6;000010000100000100010000
6;001000000100001000010000
6;100000100010000000100000
6;001000100010000000000010
6;000100010010000000010000
6;000011000001000000000001
6;000010100001000000000100
6;000010010001000000000001
6;010000100000000010000100
6;010000000101000000000100
6;010000010000000010000100
6;010001000000000010000100
6;010000001000000010000100
6;010000000100001000000010
6;001000000100001000000010
6;000100000100010000000001
6;000100100000000100000100
6;000011000000000010000100
6;000101000000000010000100
6;010001000001000000010000
6;000100001000001000000001
6;000100000100001000001000
6;000100100000001000000001
6;100001000000000100001000
6;010001000000000100001000
6;000101000010000000001000
6;001001000000000100001000
6;000011000000000100001000
6;100000000100000100001000
6;100000001000000100001000
4;010000010000000010000001
6;001000100000000010000001
6;000010010000000010000001
6;001000000100000010000001
6;000100010000000010000001
6;001000100000000100000010
6;001000000100000100000010
6;001000001000000100000010
6;010000000100001000100000
6;001000000100000100100000
6;000100000100000100100000
6;000101000001000001000000
4;001001000001000001000000
6;100000010001000000000010
6;100000100001000000000010
6;100000001001000000000010
6;100000000101000000000010
6;001000100000001000000001
6;001000001000001000000001
4;100000000100010001000000
6;010000000100010000000001
6;000010000100010000000001
6;010001000000000010100000
6;000011000000000010100000
6;100001000000000010100000
6;000100000101000000000010
6;000100100001000000000010
6;000100001001000000000010
6;000100010001000000000010
6;001000100000100000010000
6;100000100000000010010000
5;010000100000000010010000
6;010000100000000100000100
6;001000100000000100000100
6;000010100000000010000100
4;000010000100000010000001
6;000010001000000010000100
6;000010010000000010000100
6;001000100001000000000010
6;010000100000000100000010
6;000010010000000010001000
6;010000000100000010001000
6;100001000000000010001000
6;010001000000000010001000
6;100001000000000010001000
6;010000001000000100010000
6;010000100000000100010000
6;010001000000000100010000
6;001000010000001000000010
6;001000001000001000000010
6;000100001000000100000010
6;000010001000010000000010
6;010000001000010000000010
6;010000010000010000000010
6;010000000100010000000010
4;001000100000001001000000
4;001000001000001001000000
6;000010000101000000000001
6;001000010001000000000001
6;000100010001000000000001
6;010000000100001000000100
6;000010000100001000010000
6;000100000101000000000010
6;000100010001000000000010
6;001000001001000000000010
4;001000000100010001000000
4;001000100000010001000000
4;001000010000010001000000
6;100000000100000010001000
6;100000001010000000001000
6;100000010000000010001000
6;000010010000100000010000
6;001000000100100000010000
6;001000010000100000001000
6;000010010000100000001000
6;010000010000100000001000
5;001000001000000100001000
6;001000000100000100001000
6;000010000100000010100000
6;001000000100100000100000
6;100000000100000010100000
6;010000000100000010100000
6;000100001000000010000100
6;000101000000000100100000
6;000100100000000100100000
6;001000001000100000100000
6;000010001000000010100000
6;010000001000000010100000
6;100000001000000010100000
6;100000100001000000100000
6;010000000100000010001000
6;010000010000000010001000
6;010000001001000000001000
6;001000001001000000000010
4;000010010010000001000000
4;000100010010000001000000
4;010000010010000001000000
6;000010010000010000000010
5;010000010010000000000001
6;000100010010000000000001
6;001000010010000000000001
6;010000000100000010010000
6;010000001000000010010000
6;010000010001000000010000
5;000010001000000100010000
5;000010100000000100010000
6;000011000000000100010000
6;000100000110000000001000
6;100000001000000010010000
6;100000000100000010010000
6;000010010000000010100000
6;100000010000000010100000
5;010000010000000010100000
6;010000000110000000000100
6;000010000100010000000010
6;001000010010000000000010
6;001000001010000000000010
4;000011000000100000010000
4;010001000000100000010000
4;100001000000100000010000
4;000101000000100000010000
4;010001000000000010000001
4;000101000000000010000001
4;000011000000000010000001
6;000010001000001000000001
6;010000001000001000000001
6;000100100000000010000100
6;001001000010000000010000
6;010000010000001000000010
6;000010010000001000010000
6;010000001000001000000010
6;000010000100000100001000
6;000010001000000100001000
6;010000000100000100001000
6;001001000010000000010000
6;001000100000000100100000
6;001000010001000000000010
6;001000000101000000000010
6;010000100000001000000001
5;000010100000001000000001
4;100000000100100000010000
4;100000001000100000010000
4;100000100000100000010000
6;000100010000010000010000
6;010000100010000000000001
6;010001000010000000100000
6;000100010000000010000100
6;000100000100010000000100
6;010000001000000100001000
4;001000000100100000001000
4;000101000000100000000100
4;100001000000100000000100
4;010001000000100000000100
6;001000100010000000000001
4;100000100000100000000100
4;100000001000100000000100
6;001001000000000100100000
4;001000001001000001000000
4;001000000101000001000000
6;000100001010000000001000
6;100000010010000000010000
6;000100100010000000000001
4;000010010000010001000000
4;010000010000010001000000
7;001000000101000000100000
7;001000010001000000100000
7;000011000001000000100000
7;000010001001000000100000
5;000010100000100000010000
5;000100100000100000010000
4;010000100000100000010000
7;100001000010000000010000
4;000010000100100000010000
4;000010001000100000010000
7;000101000010000000000100
7;000010010000010000010000
7;000100001000001001000000
7;000100100000001001000000
7;000100010001000000001000
5;000100000110000001000000
5;000100001010000001000000
4;000100100010000001000000
7;010000010010000000100000
7;100001000010000000001000
7;001000010001000000010000
7;000010100001000000001000
7;000101000010000000100000
7;010000000100000010000001
7;010000000101000000100000
7;000010100000001000010000
5;000100100000100000000100
4;010000100000100000000100
7;010000001000000100000010
7;010000001000010000001000
7;000100100000000010000001
7;000010100000000010000001
7;001000100000001000100000
7;001000001000010000100000
7;010001000000010000100000
7;000010001000010000100000
7;010000100000010000100000
7;010000000100010000100000
7;000100001000010000100000
7;100000001000010000100000
7;010000010000010000100000
7;100001000010000000100000
6;010000100010000000100000
7;100000010010000000100000
7;100000001010000000100000
7;000100100010000000100000
7;000010100010000000100000
7;100000000110000000100000
7;001000100010000000100000
5;000010000110000001000000
5;000010001010000001000000
4;000010100010000001000000
7;001001000010000000100000
7;001000001000001000001000
7;100000001000001000001000
7;000010000100001000001000
7;000100001000001000001000
7;010000001000001000001000
7;000010100000001000001000
7;000011000000001000001000
7;000010010000001000001000
4;000010100000100000001000
5;010000100000100000001000
4;010000100000001001000000
7;010000000101000000001000
4;000010000100100000100000
4;000010001000100000100000
7;000010001000000010000001
7;010000001000000010000001
7;010000001001000000010000
7;100000000100001000000100
7;100000100001000000001000
7;001000100001000000001000
7;000100001001000000001000
7;000100000101000000001000
7;010000100001000000001000
7;000101000001000000001000
7;100000100000001000100000
5;000100000100100000100000
4;000100001000100000100000
7;000101000010000000100000
7;100001000010000000000100
6;010000000110000000000100
7;000010100000010000100000
7;100000000100001000001000
4;010000000100100000001000
4;000010000100100000001000
7;000010001001000001000000
4;000100001001000001000000
7;010000000100010001000000
4;000010000100010001000000
7;100000001000010000001000
4;000100001000100000000100
4;010000001000100000000100
7;000010000101000000000100
7;001000000101000000000100
7;010001000001000000000100
7;010000001001000000000100
7;010000010001000000000100
7;000100000101000000000100
7;010000100001000000000100
7;100000000101000000000100
7;100000100000010000100000
7;001000001000001000010000
7;100000010000010000010000
5;010000000100100000010000
5;000100000100100000010000
7;000100100000000100000010
7;000100100001000000100000
7;001000010001000000010000
7;000100001001000000010000
6;010001000001000000010000
7;010000000101000000010000
7;000011000000001000000100
7;010001000001000000100000
7;001000001001000000001000
7;001000010010000000010000
7;000100100001000000000100
7;000011000001000000000100
7;100000100001000000000100
7;000010001001000000000100
7;000010010001000000000100
7;001000100001000000000100
7;000010001000001000100000
7;000011000000001000100000
7;010000100000001000100000
7;000010010000001000100000
7;000100100000001000100000
7;000010000100001000100000
6;000010000100001000010000
7;000100001001000000001000
7;000010100000010001000000
4;010000100000010001000000
4;000010001000000100000010
7;000010001000010000001000
7;100000001001000000001000
4;000100000100000100000010
7;001000100001000000100000
7;000010000100010000000100
6;010000010001000000100000
7;000010001000001000000100
7;000100001001000000010000
7;100001000001000000010000
7;000011000001000000010000
7;001000001001000000010000
7;001000000100001000001000
5;000010100000000100000010
7;001001000001000000010000
7;000011000000010000010000
7;100000000100010000010000
7;010001000000010000010000
7;001000100000010000010000
7;000011000000010000000100
7;000100000100001000000100
7;001000000100010000000100
7;010000000100010000000100
7;000100100000010000000100
7;000100010000010000000100
7;000100001000010000000100
7;100000000100010000000100
7;000101000000010000000100
7;100000100010000000010000
7;000101000000010000001000
7;000100000100010000100000
7;000100010000010000100000
7;001000100000010000100000
7;000010100000010000100000
7;000101000000010000100000
7;000011000010000000100000
7;000011000000001000010000
7;010000000110000001000000
7;010001000001000000001000
7;000010001001000000001000
7;010000010001000000001000
7;000100100000010000001000
7;000100100000010000010000
7;001000001010000000001000
7;100000000100001000010000
7;000010100001000000100000
6;100000001000010000010000
7;000101000010000000010000
7;000100100000001000001000
7;000100100000010000010000
7;001000000100010000010000
7;000101000000010000010000
7;100000010000010000010000
7;001000010000001000010000
7;000010001000001000010000
7;000100010000001000010000
7;100000010000001000010000
7;010000010000001000010000
7;100000000100001000100000
7;100000100001000000010000
7;010000100010000001000000
7;100000010010000000100000
7;000010001010000000100000
7;010000000110000000100000
7;010000000100010000100000
7;001000001000001000010000
7;000100000100000010000001
4;000100000101000001000000
4;000010000101000001000000
7;010000001010000000100000
7;001000100000010000010000
4;010000001010000001000000
7;100000100010000000000100
7;010000001000010000010000
7;000100001000010000010000
4;010000001000100000010000
7;001000000101000000010000
7;000010100010000000000100
7;010000000110000000100000
7;010001000000001000100000
5;010000001000001001000000
7;001000000100010000010000
7;001000010000010000010000
7;001001000000010000010000
7;000010001000010000010000
7;100000100010000000001000
6;100000100001000000100000
6;001000001000010000001000
7;001000000100001000000100
6;000010100000001000000100
6;010000000100001000000100
7;000010010000001000000100
7;000100000100001000010000
7;001001000000001000010000
7;010000000100001000010000
7;001000100000001000010000
6;001000000110000000010000
7;010000100001000000001000
7;100000001000010000000100
7;010000010000001000010000
7;010000001000010000000100
7;010000010000001000100000
7;000100010000010000001000
6;000100000100010000001000
6;000010100001000000010000
7;000100010010000000001000
6;000100001010000000001000
7;000011000010000000001000
6;000100000110000000001000
7;000100100010000000001000
7;010001000010000000001000
7;001001000010000000001000
7;001000001000010000000100
7;000010100000010000000100
7;000010010000010000000100
7;100000001010000000000100
7;000010100000010000001000
7;001000010000010000001000
7;010000001000010000001000
7;100000000100010000001000
7;010000100000001000010000
7;100000000100001000010000
7;000101000000001000010000
7;000100001010000000100000
7;001000100010000000100000
7;100000010010000000100000
7;000010100010000000100000
7;000100100000001000010000
7;010001000000001000010000
7;000010001000001000010000
7;001000000110000000000100
7;000100000110000000000100
6;000010000110000000000100
7;100000010010000000000100
7;010000000100000100000010
7;001001000000001000000100
7;010000010000001000000100
7;000100100000001000000100
7;100000001000001000000100
7;000010001010000000001000
7;100000000101000000100000
7;000100010001000000100000
7;001000000101000000100000
7;000010001001000000100000
7;000100001010000000010000
7;000010000110000000010000
7;100000100010000000010000
7;000101000000001000001000
7;010000100001000000010000
7;010000000110000000010000
7;000010010010000000010000
7;000100001010000000010000
6;000100100001000000001000
7;000101000000010000010000
7;100000010001000000010000
7;000100001000100000010000
6;000100000100010000000100
7;000100010000001000001000
7;010000001001000000100000
7;100000100010000000001000
7;010001000010000000001000
7;001000100010000000001000
7;000010001010000000001000
6;100000001010000000010000
7;001001000010000000000100
6;010001000001000000010000
7;010000000100001000001000
7;000100010000001000001000
7;010000010010000000010000
7;100000000110000000010000
6;000100010010000000010000
7;000010010010000000010000
6;010000000101000000000100
7;000010000100010000000100
7;000101000010000000000100
7;001000000100001000000100
7;010001000000001000000100
7;100000001000001000000100
7;000100100000001000000100
7;001000100010000000000100
7;000100010010000000000100
7;001000001010000000000100
7;010001000010000000000100
7;000100100010000000000100
7;100000010010000000000100
7;001000000110000000000100
7;000100100001000000010000
7;001000001001000000010000
7;100000000110000000001000
7;010000001010000000001000
7;100000010010000000001000
7;010001000000001000100000
7;000100010000010000000100
7;000100001000010000000100
7;010000001000001000001000
7;000010010001000000010000
7;001000000100001000100000
7;001000100010000000010000
7;000010010000001000001000
7;000100010010000000001000
7;001000100010000000001000
7;000011000010000000001000
6;000100000110000000001000
7;010001000010000000010000
7;010000000101000000010000
7;000010010010000000000100
7;010001000010000000000100
7;000010001010000000000100
6;000100100000010000100000
6;000100000100010000001000
7;001000010000010000001000
7;001000100000010000001000
7;001001000000010000001000
7;010000010000010000010000
7;000011000010000000010000
7;001000001001000000001000
7;000100000100001000100000
7;000010010001000000000100
7;010000001001000000000100
7;001000000100001000100000
7;010000001000001000100000
7;010000100001000000000100
7;001000001010000000010000
7;000100100000001000100000
7;000100000100010000010000
7;000010001000001000100000
7;000010000100001000001000
7;000100010001000000010000
7;001000001000010000100000
8;100000001000001000100000
8;100000010000001000100000
8;100001000000001000100000
8;000010000100010000010000
7;000011000000010000010000
8;000010100000010000010000
8;000100010000001000100000
8;100000010000001000100000
7;001000100000001000100000
8;010000100000001000000100
8;010000001000001000000100
7;010001000000001000000100
7;010000010000001000000100
8;100000000101000000001000
8;100000010001000000001000
8;100001000001000000001000
7;001000100010000000000100
8;001000010010000000000100
7;001000001010000000000100
8;010000001000001000010000
8;000100001000001000010000
8;100000001000001000010000
7;010000000100010000000100
7;001000000100010000000100
8;100000100000010000000100
8;001000001000001000000100
8;001000010000001000000100
7;001001000000001000000100
8;001000100000001000000100
8;001000001001000000000100
8;000100001001000000000100
8;100000001001000000000100
8;000010000101000000010000
8;100000000101000000010000
8;000100000101000000010000
8;000100010010000000100000
8;000100000110000000100000
7;000100001010000000100000
7;001000010001000000100000
8;001000001001000000100000
8;001001000001000000100000
7;001000000101000000100000
8;010001000000010000001000
8;010000100000010000001000
8;010000000100010000001000
8;010000010000010000001000
8;000100001001000000100000
8;000100000101000000100000
7;000100010001000000100000
8;000101000001000000100000
7;010001000000001000010000
7;010000100000001000010000
8;100001000000010000100000
8;100000000100010000100000
8;100000010000010000100000
7;100000001000010000100000
8;000011000000010000100000
8;001000000100010000100000
8;100000100000010000000100
8;100000010000010000000100
8;100001000000010000000100
8;100000001001000000010000
7;000100001001000000010000
8;000010001001000000010000
8;001001000000010000000100
8;010000010000010000000100
8;100000100000010000000100
8;000101000001000000000100
8;000100010001000000000100
8;000010000110000000100000
8;001000000110000000100000
8;001000100000010000000100
8;010000100000010000000100
7;000010001010000000100000
8;001000001010000000100000
7;000011000001000000100000
8;100001000001000000100000
8;000100001000001000000100
7;100000001000001000000100
8;001001000001000000001000
8;000011000001000000001000
8;001000010010000000100000
8;000010010010000000100000
8;010000001010000000000100
8;000100001010000000000100
7;000011000001000000010000
8;001001000000010000000100
8;010001000000010000000100
7;100000000100010000010000
8;010000000100010000010000
8;001001000001000000000100
8;001000010001000000000100
7;000010000110000000010000
8;000010100010000000010000
8;000010001010000000010000
8;000010000100010000100000
8;001000000100010000100000
8;100000010000001000001000
8;010000010000001000001000
8;001000010000001000001000
8;000010010010000000001000
8;010000010010000000001000
8;001000010010000000001000
8;100000100000001000010000
8;100001000000001000010000
8;000011000001000000001000
7;000100010001000000001000
7;010000000101000000001000
8;100000100000001000000100
8;100000010000001000000100
8;100001000000001000000100
8;001001000000001000100000
8;000101000000001000100000
7;000101000000001000010000
8;001000010000010000100000
8;000010010000010000100000
8;010000100010000000001000
8;000010100010000000001000
7;001000100010000000001000
8;100000010000001000001000
7;010000001000001000001000
8;001000100000001000001000
8;100000100000010000001000
8;100001000000010000001000
7;100000000100010000001000
8;100000010000010000001000
8;010000000110000000001000
8;000010000110000000001000
8;001000000110000000001000
7;100001000001000000010000
8;000100001000001000100000
8;001000001000001000100000
8;001000010000010000000100
8;001000000101000000001000
8;001000010001000000001000
7;100000000101000000100000
8;100000010001000000100000
8;100000001001000000100000
7;000010100000010000001000
7;001000100000010000001000
8;010000100000010000010000
7;010001000000010000010000
8;010000100010000000010000
8;000100100010000000010000
7;001000010000010000001000
8;001000000100010000001000
7;001001000000010000001000
7;000100100000001000010000
8;100001000000001000001000
8;001001000000001000001000
8;010001000000001000001000
8;000011000000010000100000
8;000100000110000000010000
7;010000000110000000010000
8;000011000000010000001000
8;001000100000001000001000
8;001001000000010000100000
8;000010010001000000001000
8;100000001000001000100000
8;000100010000001000100000
8;100001000000001000100000
8;001000010000001000100000
8;000100010000001000100000
8;000010010001000000100000
8;010000001010000000010000
8;010000100000001000001000
8;100000100000001000001000
7;000100001010000000010000
8;000101000001000000010000
8;010000100010000000000100
7;000100100010000000000100
8;001000010001000000000100
7;010001000001000000000100
8;001000001001000000000100
8;100001000001000000000100
8;000010000101000000001000
8;000010010000010000001000
8;000010000100010000001000
7;000010001001000000100000
8;100000010001000000000100
8;100000000100010000100000
8;001000010000010000100000
8;100001000000010000100000
8;010000010000010000000100
8;010000010010000000000100
7;000100100000001000000100
8;000100010000001000000100
8;000101000000001000000100
7;000010001001000000001000
7;001000001001000000001000
8;100000000101000000001000
8;100001000000010000010000
8;000010000101000000100000
8;100000100000010000010000
8;001000001001000000000100
8;000101000001000000000100
8;100000010001000000000100
7;000100010010000000000100
7;000100010000001000001000
8;001001000000001000001000
7;000100100000001000001000
4;001001000000100000100000
7;000100001000001000001000
4;000010001000001001000000
6;000101000000001000000001
7;100000000100001000100000
7;001000100000010000100000
3;100000010000100000000001
2;010000100000100000000001
6;100000001000001000000010
8;100000001001000000000100
3;000100010000000100000001
6;001000001000010000001000
4;000101000000100000100000
7;001001000001000000010000
6;000100000100010000000100
4;100000000100100000001000
8;010000010000010000001000
3;100000000100000100000001
4;010000001010000001000000
8;100000010000001000000100
7;001001000000001000000100
8;010001000000010000001000
8;001000001000001000000100
7;000100000100000010000001
6;000010010000000010000100
4;001000100000000100000001
7;000100010000001000010000
2;001001000000000101000000
8;010000010010000000001000
6;010001000000000010000100
6;001001000010000000010000
5;010000000100001000000001
5;000010000110000001000000
7;000100000101000000000100
5;000010010000100000000100
4;010000000100000010000010
3;100000001000010001000000
8;100001000000001000100000
6;010000010000001000000010
7;100000000101000000100000
8;001000001010000000100000
8;100001000001000000001000
6;010000010000100000000100
7;010000010000001000100000
3;100000010000000010000001
0;000010100000100001000000
7;000100001000010000100000
4;000100001000100000100000
6;001001000000010000000001
4;000010000100000010000010
8;100001000001000000001000
4;000010010000000010000010
7;000010001000001000100000
6;100000000100010000000010
7;010000010000001000010000
2;000100010000000101000000
8;001000000110000000100000
3;000010010000000100000001
6;100000100000010000000010
6;001000010000010000000001
7;000101000000001000010000
5;001001000000000010000100
6;001000010010000000000010
7;000011000000001000100000
5;100001000000001000000010
8;000100000101000000010000
3;000100100000010001000000
4;010000100000100000000010
0;100000001000100001000000
6;000011000000000100000010
8;000010000100010000010000
6;010000000100001000000010
5;100000100000001000000001
0;000010000100100001000000
6;000101000000000010100000
4;100001000000000101000000
5;010000001001000000000010
8;010000010010000000001000
8;010000000100010000001000
6;010000010001000000010000
6;010001000010000000100000
5;000100001000000100001000
7;000010001000010000001000
2;001000001000000101000000
6;100000001000000010100000
5;000100010000000010010000
6;000101000000000010000100
5;100000100000000011000000
6;010000000100000100010000
5;010000001000000010001000
8;001000001000001000100000
6;010001000000010001000000
4;010001000000100000000100
8;100000000101000000010000
4;000011000000000100000001
3;100000001000000100000001
6;010000010010000000000010
7;010000010000010000010000
7;010001000000010000010000
4;010001000000100000010000
5;000011000000001001000000
7;010000000100000100000010
4;010001000001000000000010
6;001000010010000000000010
7;000010010001000000000100
6;001000010000100000100000
6;010000000101000000000001
6;000010010000000010001000
5;000010001000000010001000
5;001000001010000000000001
7;000100100000000010000001
0;010000001000100001000000
4;100001000000100000000100
0;000010010000100001000000
7;000100000101000000000100
5;010000010001000000000001
8;000010010001000000100000
5;100000100000000011000000
4;000011000000000010000001
7;000010001000010000001000
4;100000000100100000010000
8;000010100000010000010000
4;000101000000100000000100
5;001001000000000100010000
7;001000010000001000010000
5;000010010000000100001000
2;100000010000000011000000
6;000100010010000000000001
3;000010001000000011000000
7;000100100001000000000100
6;000100000100010000001000
5;000100000100100000000001
6;010000001000000010010000
1;100000001000100000000001
4;000011000000100000001000
6;000101000000001001000000
8;001000010001000000001000
8;010000100010000000010000
4;100000010001000001000000
5;001000100000100000000001
6;001000100000001000000001
6;001000000100100000100000
6;000100001000001000000010
4;000010001000100000100000
4;001000001000000100000001
6;001000001000100000100000
3;010000000100000011000000
7;000100100010000000100000
5;001000010000000100000100
5;001000000100000010001000
6;000010000100000010100000
5;001000010000000100100000
5;001001000000000010000100
3;001000001000010001000000
6;010000100000001000000010
4;010000000100100000001000
6;010000001000000010010000
4;100001000000100000100000
4;000100010000100000001000
6;010000100010000000000010
4;100000010001000001000000
7;000100100000001000001000
6;000101000000000100000010
6;000100000100000100100000
8;100001000001000000001000
7;000100000101000000000100
4;100000100001000000000001
4;010000000100100000001000
6;010000001000000010000100
5;000011000010000000000001
6;100001000000000010001000
7;000011000000010000000100
6;000010100000000100100000
3;100000000100001001000000
5;100000100010000000000010
2;010000001000000011000000
4;010000001010000001000000
6;001001000010000000010000
6;000010001000000010010000
7;010001000000001000010000
6;000100100000000100010000
3;001001000010000001000000
7;100000000110000000100000
6;000010010000000010000100
2;000100010000000101000000
6;001000100000010000000001
6;000100100000000100100000
8;000100010010000000100000
0;001000001000100001000000
6;001000100001000000000010
5;000100010000000100010000
6;010001000000000010100000
5;000100000100100000010000
6;000010001000010001000000
6;000010000100000010001000
6;000010100000000010001000
6;000100001000001000000001
2;001000010000100000000001
4;000010010000010001000000
4;010000100000010001000000
2;001000100000000101000000
2;000100001000000011000000
6;001000001000001000000010
6;010000001000001000000001
5;001000001010000000000001
0;001000010000100001000000
4;000100000100000100000001
7;000010100000010000100000
7;001000100000010000001000
0;000010100000100001000000
6;000101000000010000000001
7;010000000100010001000000
5;000101000000000100001000
4;100000100000000010000010
7;000100100001000000000100
7;100000010010000000001000
2;001001000000100000000001
6;100000100000001000000010
5;000010000100000100000100
2;000010010000000011000000
3;100000010000000010000001
8;001001000000001000100000
6;010000010000100000001000
3;000010001000000011000000
5;000011000000010000000010
7;100000001000010000001000
7;000100001000010000100000
4;000011000000000100000001
3;010000010000100000100000
6;000010100000000010001000
6;000100010000000010100000
6;000100010000100000100000
4;100001000010000000000010
7;010000000100010000100000
6;000100010000001000000010
2;100000100000000101000000
6;100001000001000001000000
6;010000001000000010100000
6;000010100000000100100000
4;001000100000100000000100
3;100000010000100000010000
7;000101000000010000100000
7;010001000010000000001000
6;000010010010000000000010
7;100000010010000000001000
7;010000001000010000000100
8;000010001010000000010000
6;010000100000000010000100
6;000010010000100000001000
8;100000010000010000001000
6;001000000100100000010000
4;000010001000001001000000
5;001000001000000010000100
2;001000001000000011000000
6;000101000000000010010000
5;000011000000000100000100
1;001000010000000011000000
6;010000100010000000000001
6;100000001000000100001000
6;010000001000000100010000
6;001000001000100000000100
5;001000001000000010010000
8;000011000001000000001000
6;010000000101000000000100
4;100000001000100000000100
5;001000000100000100010000
6;001000100000001000000001
6;100000001000010000000010
7;010000100000001000010000
5;000100000100010000000010
6;000011000000000100100000
6;100000010000100000000100
7;010001000000010000010000
0;000101000000100001000000
4;000100100000000010000010
6;000100100000000100000100
5;001000100000000100010000
7;010000001000000100000010
6;000100010000100000100000
6;001000000100001000010000
8;100000100000001000010000
6;100001000000000010010000
8;000010010000010000001000
7;001000100000010000010000
0;010001000000100001000000
6;000010100000001000100000
7;010001000001000000001000
6;001000100000010000000001
5;010001000000010000000010
7;001000100010000000100000
7;001001000000001000000100
4;010000010000000100100000
1;100000001000100000000001
5;000100010000000100100000
7;000010000110000000010000
8;000100001001000000100000
7;000100010000001000001000
7;100000100010000000000100
6;000010000101000000000001
5;001000010000000010000001
6;001000000100000100000010
7;000010000100001000001000
7;010000010001000000000100
4;000010100010000001000000
6;000010100000000010001000
5;000101000000010001000000
2;100001000000000011000000
6;001000010000010000000010
6;000010100001000001000000
6;010000100000001000000010
3;001000010000000010000010
5;010001000000010000000010
4;000100010001000001000000
6;010000010000001000000001
6;000100001000000100100000
6;000100100000000010001000
5;100000000100000010000100
6;000100100000000010000100
4;000100001000100000100000
6;000100001000000010100000
4;010000010000000010000001
4;001000100000100000000010
4;000010000100000010000010
6;000010001000001000001000
0;000100010000100001000000
1;100000100000100000000001
6;000010010000001000010000
5;001000010000000100000010
7;000010001000001000010000
6;000010100001000000000100
8;100001000001000000001000
4;100001000010000000000001
4;001000010010000001000000
6;001001000000100000000100
5;000100010000000100010000
4;000010000100100000001000
4;000010000101000001000000
8;000101000001000000000100
5;000010001010000000000010
6;001000000110000000000010
3;010000010001000001000000
4;000010000100100000010000
3;010001000000100000100000
5;010000000100000100100000
5;100000010001000000000001
7;100000000100010000001000
6;010000010000001000000001
2;100000001000100000000010
7;000011000000001000100000
6;100000000100000010000001
6;100000000100000010010000
6;000100001000001000000010
8;100000100000001000010000
4;100001000000100000001000
3;001000001000010001000000
7;000010100000010000000100
7;010000010001000000001000
8;000100001000001000000100
4;010000100000000101000000
3;000101000000000010000010
5;010000000101000000000010
6;000100010000100000000100
5;000100001000000010001000
6;000011000000000010100000
7;000010001000000010000001
2;001000100000000101000000
5;000100000100000101000000
4;001000010000000100010000
6;000100100010000000000001
8;000010010001000000100000
5;000010000110000000000010
2;010001000000000101000000
4;000011000000010001000000
8;100000000101000000001000
4;100000100010000000000001
6;010000000101000000000100
7;000100010001000000010000
4;100000000100000010000010
6;001000010001000000000010
6;000100010000010000010000
4;100001000000100000100000
7;010000100001000000010000
8;100001000000010000010000
6;010000100000000100000100
4;010000010000010001000000
2;001000001000000011000000
3;100000010000100000000001
4;010000100000100000010000
5;000010001010000001000000
8;000100001000001000010000
5;000010100000100000000001
6;001000100000000100000010
7;000010000100001000001000
0;100000100000100001000000
5;010000000100100000010000
2;010001000000000011000000
