#<Time>=0.155699s/900
#<PlanCost>=single integer value
#<State>=Atom door-open();Atom elevator-at(f1);Atom elevator-at(f2);Atom elevator-at(f3);Atom elevator-at(f4);Atom elevator-at(f5);Atom passenger-at(p2, f1);Atom passenger-at(p2, f2);Atom passenger-at(p2, f3);Atom passenger-at(p2, f4);Atom passenger-at(p2, f5);Atom passenger-in-elevator(p2);Atom passenger-at(p1, f1);Atom passenger-at(p1, f2);Atom passenger-at(p1, f3);Atom passenger-at(p1, f4);Atom passenger-at(p1, f5);Atom passenger-in-elevator(p1);
0;100100100000000010
1;110000000001000010
1;100001100000000001
2;000001100000000001
0;100001100000000010
2;010000000001000010
0;110000100000000010
3;000010100000000001
3;001000000001000010
0;000001100000000010
0;010000100000000010
0;000010100000000010
4;100010100000000001
4;000100100000000001
0;001000100000000010
4;101000000001000010
4;000100000001000010
5;001000100000000001
5;100100100000000001
5;100010100000000100
0;000100100000000010
0;101000100000000010
5;000010000001000010
5;100100000001000010
5;101000010000000010
0;100010100000000010
6;100100001000000010
6;101000100000000001
6;010000100000000001
0;100100100000000010
6;001000010000000010
6;000001000001000010
6;100010000001000010
6;100100100000001000
6;000010100000000100
7;100010000100000010
7;110000100000000001
7;000100001000000010
7;000100010000000010
7;010000010000000010
7;000001100000000100
7;000100100000000100
7;100001000001000010
7;000100100000001000
7;101000100000010000
8;001000100000001000
8;000010100000001000
8;100001000001000001
8;100001000010000010
8;100001100000000100
8;110000010000000010
8;110000100000100000
8;110000000001000001
8;001000100000000100
8;100100100000000100
8;001000100000010000
8;000010010000000010
8;100100010000000010
8;000010000100000010
8;000010001000000010
8;001000001000000010
9;000001000001000001
9;100001000010000001
9;000001010000000010
9;100010010000000010
9;100010001000000010
9;000001001000000010
9;101000100000001000
9;010000100000001000
9;000001000010000010
9;000001000100000010
9;000100000100000010
9;010000001000000010
9;101000001000000010
9;010000000001000001
9;110000000001100000
9;010000100000010000
9;000100100000010000
9;010000100000000100
9;101000100000000100
9;000001100000001000
9;100010100000001000
9;010000100000100000
10;100001001000000010
10;010000000001100000
10;110000100000010000
10;110000100000001000
10;100100000100000010
10;001000000100000010
10;100001000100000010
10;100001100000001000
10;110000001000000010
10;110000100000000100
10;001000000001000001
10;100001010000000010
10;000010000010000010
10;000001000010000001
10;000010100000010000
10;100100100000010000
10;001000100000100000
10;000010000001000001
11;110000000001010000
11;001000000001100000
11;100010000001000001
11;000100000001000001
11;000001100000010000
11;100010100000010000
11;110000000001000100
11;000100100000100000
11;101000100000100000
11;100001001000000001
11;101000000001000001
11;100001010000000001
11;000100000010000010
11;100010000010000010
11;100001000100000001
11;110000000001001000
11;010000000100000010
11;101000000100000010
11;000010000010000001
12;101000010000000001
12;101000000001010000
12;000100000001100000
12;101000000001100000
12;100010000100000001
12;100010000001000100
12;000100000010000001
12;100010000010000001
12;100100000001000001
12;000001000100000001
12;010000000001001000
12;010000000001000100
12;000001010000000001
12;100100000010000010
12;001000000010000010
12;110000000100000010
12;000001001000000001
12;010000000001010000
12;100100100000100000
12;000010100000100000
12;100001100000010000
13;000010010000000001
13;000010000001000100
13;100010000100000100
13;101000010000010000
13;001000000001010000
13;000010000100000001
13;100010000010000100
13;000010000001100000
13;100100000001100000
13;001000000010000001
13;100100000010000001
13;001000000001000100
13;100100001000000001
13;100100000001001000
13;000010001000000001
13;000001100000100000
13;100010100000100000
13;001000000001001000
13;101000010000100000
13;010000000010000010
13;101000000010000010
13;001000010000000001
14;001000010000010000
14;100010001000000001
14;000100001000000001
14;101000000010000001
14;010000000010000001
14;000100000001000100
14;101000000001000100
14;100100001000001000
14;101000000001001000
14;000100000001001000
14;000100000001010000
14;000010000010000100
14;100010000001100000
14;000001000001100000
14;100100000010001000
14;110000000010000010
14;010000010000000001
14;000100010000000001
14;001000010000100000
14;000100000100000001
14;100100001000100000
14;000010000100000100
14;100001100000100000
14;100010010000000001
14;000001000001000100
15;100001000001000100
15;000100001000100000
15;101000000010010000
15;000100010000100000
15;010000010000100000
15;000100001000001000
15;100100010000000001
15;101000010000001000
15;110000000010000001
15;100100000001010000
15;000010000001010000
15;110000010000000001
15;000001000100000100
15;000100000100000100
15;000001000010000100
15;000100000010000100
15;100010000100100000
15;100010010000000100
15;100010001000000100
15;000100010000010000
15;010000010000010000
15;000100000010001000
15;000010000001001000
15;100001000001100000
15;101000010000000100
15;100100000001000100
15;100100000100000001
15;001000000100000001
15;001000001000000001
16;000001000001001000
16;100010000001001000
16;100100010000001000
16;001000000010010000
16;100100001000010000
16;010000000100000001
16;101000000100000001
16;000010010000100000
16;100100010000100000
16;010000001000000001
16;101000001000000001
16;110000000010100000
16;100001000010000100
16;000010000010001000
16;001000000010001000
16;000010000100100000
16;110000010000100000
16;100100000100001000
16;001000001000100000
16;000010001000100000
16;110000010000010000
16;001000001000001000
16;000010001000001000
16;001000010000000100
16;001000000010000100
16;100100000010000100
16;001000010000001000
16;100010000001010000
16;000001000001010000
16;100001000100000100
16;000010001000000100
16;000010010000010000
16;100100010000010000
16;000010010000000100
16;100001000010100000
16;100100001000000100
16;001000000100000100
16;100100000100000100
17;000100000100001000
17;000001000010100000
17;010000000010100000
17;100010000100010000
17;000100000100100000
17;000001000100100000
17;000001001000100000
17;100010001000100000
17;000100001000000100
17;000001001000000100
17;101000001000001000
17;010000001000001000
17;000100010000001000
17;010000010000001000
17;110000001000000001
17;000001001000001000
17;100010001000001000
17;100001000001001000
17;101000001000010000
17;010000000100000100
17;101000000100000100
17;100010000100001000
17;010000010000000100
17;000100010000000100
17;110000000100000001
17;100010000010001000
17;000001000010001000
17;100010010000010000
17;000001010000010000
17;000100001000010000
17;101000000010000100
17;010000000010000100
17;000001010000000100
17;100001000001010000
17;101000000010001000
17;010000000010001000
17;010000001000100000
17;101000001000100000
17;101000000100010000
17;000001010000100000
17;100010010000100000
17;000100000010010000
17;010000000010010000
18;110000010000001000
18;100100010000000100
18;000010000100001000
18;001000000100001000
18;100001001000001000
18;110000001000100000
18;100001010000100000
18;100001000010010000
18;001000001000010000
18;000010001000010000
18;110000010000000100
18;110000000010001000
18;000010000010100000
18;001000001000000100
18;110000000010010000
18;001000000010100000
18;110000001000001000
18;100001000010001000
18;100001001000100000
18;100001010000010000
18;110000000100100000
18;100001001000000100
18;100001010000000100
18;001000000100010000
18;000010000010010000
18;100100000010010000
18;000010010000001000
18;110000000010000100
18;100100000100100000
18;001000000100100000
18;000010000100010000
18;110000000100000100
18;100001000100100000
19;100010010000001000
19;000001010000001000
19;010000000100010000
19;000100000100010000
19;100010000010010000
19;000001000010010000
19;100010000010100000
19;000100000010100000
19;101000001000000100
19;010000001000000100
19;000001000100001000
19;010000000100001000
19;101000000100001000
19;010000001000010000
19;000001000100010000
19;101000000010100000
19;010000000100100000
19;100010001000010000
19;000001001000010000
19;101000000100100000
20;100001000100001000
20;110000000100001000
20;100100000010100000
20;100001000100010000
20;110000000100010000
20;110000001000000100
20;110000001000010000
20;100001001000010000
20;100001010000001000
20;100100000100010000
15;001000000100000001
17;010000000010100000
18;100100010000000100
17;101000001000010000
14;000100000001001000
12;010000000001010000
18;110000010000000100
17;010000000100000100
17;010000000100000100
15;100100000001000100
19;100010000010010000
15;000100000010001000
18;100001000100100000
19;010000001000010000
19;000001000100010000
0;000100100000000010
11;000100000010000010
19;010000000100010000
12;001000000010000010
18;001000000100100000
17;010000010000000100
17;010000001000100000
14;100001100000100000
11;100010000001000001
10;001000000001000001
18;000010000010100000
19;101000000100001000
15;001000000100000001
17;000001010000010000
18;110000000010001000
7;100001000001000010
18;000010000100010000
17;010000000010100000
12;000001010000000001
19;101000000100100000
16;110000000010100000
13;100100000001100000
19;101000000100001000
11;100010100000010000
8;110000100000100000
19;010000000100001000
17;010000001000001000
18;110000000010010000
15;000100010000100000
17;000001001000100000
11;000100100000100000
14;000100000001000100
12;100010000010000001
19;000001000100010000
13;001000000010000001
10;000010100000010000
10;001000100000100000
9;000001001000000010
18;001000000010100000
12;100010000001000100
13;100100001000000001
18;110000010000001000
16;100001000010000100
14;000100000100000001
9;000001001000000010
11;000100100000100000
16;100010000001010000
14;000100000001010000
9;101000001000000010
16;001000001000001000
16;100100010000100000
11;000100100000100000
3;001000000001000010
13;000001100000100000
18;001000001000000100
14;010000000010000001
8;001000100000010000
11;100010000001000001
0;010000100000000010
13;000010001000000001
12;101000010000000001
10;100001001000000010
11;110000000001001000
16;100100000100000100
13;000001100000100000
18;100001001000100000
9;000001000100000010
14;000100001000000001
16;100100010000100000
7;000001100000000100
8;001000100000010000
9;100010001000000010
10;000010000001000001
2;000001100000000001
8;000010100000001000
