#<Time>=0.0715671s/900
#<PlanCost>=single integer value
#<State>=Atom at-airplane(plane1, berlin);Atom at-airplane(plane1, london);Atom at-airplane(plane1, paris);Atom at-person(bob, berlin);Atom at-person(bob, london);Atom at-person(bob, paris);Atom in-airplane(bob, plane1);Atom at-person(alice, berlin);Atom at-person(alice, london);Atom at-person(alice, paris);Atom in-airplane(alice, plane1);
0;01010001000
1;10000011000
1;10010000001
0;10010001000
2;00100011000
2;01000011000
2;10000010001
2;01010000001
2;00110000001
0;00110001000
0;01010001000
3;00110000010
3;01010000100
3;01000010001
3;00100010001
3;01001001000
3;00100101000
4;10000101000
4;01000101000
4;10001001000
4;00101001000
4;10010000010
4;01010000010
4;01001000001
4;01000010100
4;00110000100
4;10010000100
4;00100010010
4;00100100001
5;10001000001
5;10000010100
5;10000100001
5;10000010010
5;00100100010
5;01000010010
5;01000100001
5;01001000100
5;00100010100
5;00101000001
6;10001000100
6;00101000100
6;01000100010
6;10000100010
6;00101000010
6;01000100100
6;01001000010
6;00100100100
7;10001000010
7;10000100100
6;01000100010
4;10010000100
2;10000010001
3;01000010001
4;00100010010
5;01001000100
5;00100100010
6;01001000010
5;10001000001
6;00101000010
7;10000100100
5;10001000001
