#<Time>=0.079279s/900
#<PlanCost>=single integer value
#<State>=Atom at-airplane(plane1, chicago);Atom at-airplane(plane1, miami);Atom at-airplane(plane1, newyork);Atom at-person(frank, chicago);Atom at-person(frank, miami);Atom at-person(frank, newyork);Atom in-airplane(frank, plane1);Atom at-person(eve, chicago);Atom at-person(eve, miami);Atom at-person(eve, newyork);Atom in-airplane(eve, plane1);
0;01000100100
1;01000100001
1;00100010100
0;01000100100
2;00100100001
2;10000100001
0;00100100100
2;01000010100
2;10000010100
0;10000100100
3;00100010001
3;00100100010
3;10010000100
3;10000101000
3;01000010001
3;01001000100
4;00100010010
4;01000100010
4;10000100010
4;01001000001
4;00101000100
4;10001000100
4;01000101000
4;00100101000
4;10000010001
4;00110000100
4;01010000100
5;01010000001
5;00100011000
5;01000010010
5;10000010010
5;10000011000
5;10010000001
5;00101000001
5;10001000001
6;01000011000
6;10010001000
6;00101000010
6;10010000010
6;01001000010
6;10001001000
6;00110000001
7;10001000010
7;01001001000
7;00110000010
7;00101001000
7;01010000010
7;01010001000
7;00110001000
4;01000100010
3;10010000100
7;00101001000
5;00101000001
4;10000100010
4;01000100010
6;00101000010
4;00100101000
1;00100010100
3;00100100010
6;00110000001
5;10000011000
