#<Time>=0.0878597s/900
#<PlanCost>=single integer value
#<State>=Atom door-open();Atom elevator-at(f1);Atom elevator-at(f2);Atom elevator-at(f3);Atom passenger-at(p2, f1);Atom passenger-at(p2, f2);Atom passenger-at(p2, f3);Atom passenger-in-elevator(p2);Atom passenger-at(p1, f1);Atom passenger-at(p1, f2);Atom passenger-at(p1, f3);Atom passenger-in-elevator(p1);
0;110010000100
1;110000010100
1;101010000001
2;001010000001
0;101010000100
2;010000010100
0;110010000100
0;001010000100
0;010010000100
3;001000010100
3;010010000001
3;000110000001
0;000110000100
4;100110000001
4;101000010100
4;000100010100
4;110010000001
5;110000010001
5;110010001000
5;100100010100
0;100110000100
5;101000010001
5;101001000100
5;100110000010
6;010000010001
6;110000011000
6;001001000100
6;101001000001
6;100100100100
6;000110000010
6;001000010001
6;010010001000
7;001010000010
7;001001000001
7;000100010001
7;000101000100
7;010001000100
7;000100100100
7;010000011000
7;001010001000
8;110001000100
8;100101000100
8;100100010001
8;001000100100
8;001000011000
8;000110001000
8;101010001000
8;010010000010
8;101010000010
8;010001000001
8;000101000001
9;101000011000
9;000100011000
9;100101000001
9;110001000001
9;101000100100
9;010000100100
9;110010000010
9;100110001000
9;100100010010
9;100100100001
10;110000010010
10;101000100001
10;100100011000
10;100101000010
10;000100100001
10;100100100010
10;110000100100
10;110001001000
10;101001001000
10;000100010010
11;001000010010
11;000100100010
11;010000010010
11;100100101000
11;001000100001
11;001001001000
11;000101000010
11;010001001000
12;101000010010
12;010000100001
12;000100101000
12;000101001000
12;001001000010
12;001000100010
13;001000101000
13;010000100010
13;101000100010
13;101001000010
13;100101001000
13;110000100001
13;010001000010
14;110000100010
14;101000101000
13;010000101000
14;110000101000
14;110001000010
4;101000010100
13;010000101000
3;000110000001
12;001001000010
8;110001000100
7;000101000100
12;001000100010
5;101001000100
11;000101000010
10;110000100100
9;010000100100
13;010001000010
12;010000100001
13;010001000010
13;100101001000
10;100100100010
13;010000100010
8;010001000001
13;101001000010
7;001010001000
12;001000100010
10;110000010010
0;110010000100
4;000100010100
