#<Time>=0.118617s/900
#<PlanCost>=single integer value
#<State>=Atom holding(d);Atom on(d, a);Atom on(d, b);Atom on(d, c);Atom ontable(d);Atom clear(d);Atom clear(a);Atom clear(b);Atom clear(c);Atom arm-empty();Atom holding(a);Atom on(a, b);Atom on(a, c);Atom on(a, d);Atom ontable(a);Atom holding(b);Atom on(b, a);Atom on(b, c);Atom on(b, d);Atom ontable(b);Atom holding(c);Atom on(c, a);Atom on(c, b);Atom on(c, d);Atom ontable(c);
0;0000101001010000010000010
1;0000100100100000010000010
2;0000101101000010010000010
0;0000101001010000010000010
3;0000101010000011000000010
4;0000100111000010100000010
4;0000101111000010000100010
5;0000110100000010100010000
5;0000111100000010000110000
5;0000100110100000000100010
6;0000101101001000000100010
6;0000101011010000000100010
6;0000110111000010000101000
6;0000111011000010000100100
6;0000111111000010000100001
6;0000110011000010100000100
6;0000110111000010100000001
7;0000110010000011000001000
7;1000000110000010000101000
7;0000101000001001000000010
7;0000111000010000000110000
7;0000110110100000000100001
7;1000001110000010000100001
7;0000111010000011000000001
7;1000000010000010100000100
7;1000000110000010100000001
7;0000110010100000000100100
7;1000001010000010000100100
8;0000100101001000100000010
8;0010010011000010100000001
8;0001010101000010100000001
6;0000110111000010100000001
8;0000111001001000000100100
8;0000101011000100000100100
8;0000111011010000000100001
8;0000111101001000000100001
8;0000101111000100000100001
8;0000110011010000000101000
8;0000110101000010010001000
8;0000100111000010001001000
8;0000101111000010001000001
8;0000111101000010010000001
8;0001011001000010000100100
6;0000111011000010000100100
8;0100010011000010000100100
8;0010010011000010000101000
8;0001010101000010000101000
6;0000110111000010000101000
8;0001010001000010100000100
6;0000110011000010100000100
8;0010011011000010000100001
8;0100010111000010000100001
6;0000111111000010000100001
8;0001011101000010000100001
8;0000110100100000010000001
9;1000001100000010010000001
7;0000110010100000000100100
5;0000111100000010000110000
9;0000101100000100000110000
9;1000001000001000000100100
9;0000100110100000001000001
9;0000101100000010001010000
9;0000111000001001000000001
9;1000001100001000000100001
9;0100010100000010000110000
9;0100010010000011000000001
5;0000110100000010100010000
9;0001011000000011000000001
9;1000000100000010010001000
9;0010011000000010000110000
9;1000000010010000000101000
9;0001010000100000000100100
7;0000110010000011000001000
9;1000001010010000000100001
9;0001010000000011000001000
8;0010010010100000000100001
7;0000111010000011000000001
7;0000110110100000000100001
8;0000101010000101000000001
9;0010010000000010100010000
9;0001010100100000000100001
10;0100000111000010000100010
8;0000110011010000000101000
10;0001010001010000000101000
10;0000101011000010001000100
8;0000100111000100100000001
10;0000101101000100010000001
10;0010001011000100000100001
10;0010011001001000000100001
8;0000111011010000000100001
10;0100010011010000000100001
10;0001011001010000000100001
10;0010001011000010000100010
10;0000100111000100000101000
10;0000110101001000100000001
10;0000101101001000001000001
10;0010010001000010010001000
8;0000110101000010010001000
8;0000100111000010001001000
10;0100010001001000000100100
8;0000111001001000000100100
10;0001000101000010001001000
10;0100010101001000000100001
8;0000111101001000000100001
10;0001001001000100000100100
10;0010000011000010100000010
4;0000101111000010000100010
8;0000101111000100000100001
8;0000101011000100000100100
4;0000100111000010100000010
10;0100010101000010010000001
10;0100000111000010001000001
10;0001001101000100000100001
10;0000111001010000010000001
10;0001001101000010001000001
10;0000101011010000001000001
8;0000111101000010010000001
8;0000101111000010001000001
10;0010011001000010010000001
8;0000101000010000001010000
11;0001000100100000001000001
11;0100000010000011000000010
7;0000111000010000000110000
9;0000101100000100000110000
8;0000101010000101000000001
9;0000101100000010001010000
8;0000110100100000010000001
11;0010000010100000000100010
3;0000101010000011000000010
11;0100010000010000000110000
11;1000000100001000100000001
11;0000100010000101000001000
11;0001001000000101000000001
11;0100000100000010001010000
11;0010001000000100000110000
11;1000001000010000010000001
11;0000100100000100100010000
11;0010010000100000010000001
5;0000100110100000000100010
11;0000100010100000001000100
9;0000100110100000001000001
11;0100010000001001000000001
9;0000111000001001000000001
12;0010010001001000100000001
10;0000110101001000100000001
12;0100000101000010010000010
10;0000101011000010001000100
12;0000100011000100100000100
2;0000101101000010010000010
12;0100000011000010001000100
12;0100000011010000000100010
10;0000100111000100000101000
12;0000100101000100010001000
12;0001001001010000001000001
12;0100000101001000001000001
10;0000101101001000001000001
10;0000101011010000001000001
12;0010000011000100000101000
12;0100010001010000010000001
10;0000111001010000010000001
12;0001000101000100100000001
6;0000101011010000000100010
10;0000101101000100010000001
8;0000100111000100100000001
12;0010001001000100010000001
12;0000101001001000001000100
6;0000101101001000000100010
12;0010001001001000000100010
8;0000100011010000001001000
1;0000100100100000010000010
7;0000101000001001000000010
8;0000101000010000001010000
11;0000100100000100100010000
11;0000100010100000001000100
11;0000100010000101000001000
12;0000101001001000001000100
12;0000100101000100010001000
8;0000100101001000100000010
8;0000100011010000001001000
12;0000100011000100100000100
0;0000101001010000010000010
8;0010010011000010100000001
8;0000110000001001000001000
8;0000110110000010000101000
8;0001001100000010000100010
8;0000101000010000001010000
8;0100010001000010010000100
8;0001010000000010100000100
8;0100000001000100010000100
5;0000110100000010100010000
8;0000101010000101000000001
8;0010010010100000000100001
8;0000110010000011000000001
8;0000100101001000001001000
8;0000100111000100100000001
8;0000100110000010100000010
8;0001000101000010100000010
8;0000101010010000001000001
8;0010000000000100100010000
8;0100000000001000000100100
8;0100010010000010000100100
8;0001000000000100100000001
8;0000110001010000100000001
8;0100000000000100000110000
8;0001001101000010000100010
8;0000101011010000000100001
8;0100000000001000001000001
8;0001011001000010000100001
8;1000001000000010000100100
8;0100000100000100000110000
8;0000110010010000000101000
7;1000000110000010100000001
8;0010001000000010001010000
8;0001000101000100000100001
8;0001001000000010000100001
8;1000001000000010000100100
8;0010000001000010010000010
8;0010010010000010100000001
8;0001000001000100000101000
8;0100010010000010000100100
8;0000101110000010000100010
8;0001001100000010000100010
8;0000101011000100000100100
8;0000110100100000010000001
8;0000100011010000001001000
8;0001000000100000000100010
