#<Time>=0.0874188s/900
#<PlanCost>=single integer value
#<State>=Atom door-open();Atom elevator-at(f1);Atom elevator-at(f2);Atom elevator-at(f3);Atom passenger-at(p2, f1);Atom passenger-at(p2, f2);Atom passenger-at(p2, f3);Atom passenger-in-elevator(p2);Atom passenger-at(p1, f1);Atom passenger-at(p1, f2);Atom passenger-at(p1, f3);Atom passenger-in-elevator(p1);
0;110000100010
1;100100010010
1;100100100001
0;100100100010
2;100100010001
2;000100100001
2;000100010010
3;000100010001
3;001000100001
3;001000010010
0;000100100010
4;001000010001
4;101000010010
4;010000010010
0;001000100010
4;010000100001
4;101000100001
5;101000100100
5;101001000010
0;010000100010
0;101000100010
5;010000010001
5;101000010001
5;110000010010
5;110000100001
6;110000101000
0;110000100010
6;001000100100
6;110010000010
6;110000010001
6;001001000010
6;101000010100
6;101001000001
7;000101000010
7;010001000010
7;101001000100
7;001000010100
7;010000101000
7;110010000001
7;110000011000
7;001001000001
7;010010000010
7;000100100100
7;010000100100
8;100101000010
8;110000100100
8;010000011000
8;110010001000
8;010000010100
8;000100010100
8;010001000001
8;000101000001
8;100100100100
8;001000101000
8;110001000010
8;001001000100
8;001010000010
8;010010000001
9;100101000001
9;010010001000
9;110000010100
9;101000101000
9;000100101000
9;100100010100
9;000110000010
9;101010000010
9;000101000100
9;010001000100
9;001010000001
9;001000011000
9;110001000001
10;110001001000
10;100100101000
10;110010000100
10;001010001000
10;110001000100
10;100110000010
10;101010000001
10;000110000001
10;100101000100
10;000100011000
10;101000011000
11;100100011000
11;101001001000
11;101010000100
11;010010000100
11;010001001000
11;100110000001
11;101010001000
11;000110001000
12;001001001000
12;001010000100
12;100110001000
13;000110000100
13;000101001000
13;100110000100
13;100101001000
6;101000010100
7;010000101000
10;001010001000
11;000110001000
10;110001000100
8;000101000001
0;101000100010
8;001010000010
11;101010001000
11;101010001000
7;010000100100
4;101000010010
7;001001000001
0;101000100010
0;001000100010
11;101001001000
8;000101000001
10;100110000010
6;101000010100
13;100101001000
7;000100100100
8;110010001000
13;100110000100
7;010010000010
